// [1/8,    1/4,     3/8,           1/2,  1]
//  eighth, quarter, quarter+eigth, half, whole
// c4n - normal note
// c4s - sharp
// c4b - flat
// 000 - rest
//1
1,0,1,1,0
0,0,1,3
1,0,1,1,0
0,0,1,3
3,0,0,0,0
4
1,1,3
1,1,1,1
3,3
//10
1,1,1,0,0
4
1,1,1,0,0
4
1,1,1,0,0
1,1,1,1
2,0,3
4
//18
1,1,1,0,0
4
1,1,1,0,0
4
1,1,0,0,0,0
3,0,0,0,0
1,1,0,0,0,0
4
//26
1,1,1,0,0
0,0,1,0,0,0,0
4
3,0,0,0,0
1,0,1,1,0
0,0,1,3
1,0,1,1,0
0,0,1,3
//34
1,1,0,1,0
3,2,0
0,0,0,0,0,0,0,0
3,0,0,0,0
1,0,1,1,0
0,0,1,3
1,0,1,1,0
0,0,1,3
//42
1,1,0,0,0,0
3,2,0
0,0,0,0,0,0,0,0
4
1,0,0,0,0,0,0
4
3,3
//47
4
3,3
//51
3,1,1
3,1,1
4
4